0;749;682;460;794;287;233;521;413;573
749;0;112;294;462;590;525;233;719;827
682;112;0;254;538;495;471;201;713;839
460;294;254;0;453;363;232;61;467;605
794;462;538;453;0;802;584;433;514;527
287;590;495;363;802;0;262;407;598;767
233;525;471;232;584;262;0;293;345;512
521;233;201;61;433;407;293;0;513;643
413;719;713;467;514;598;345;513;0;169
573;827;839;605;527;767;512;643;169;0
